4
linear   essential      -0.250000   0.750000
linear   non-essential   0.000000   1.000000
linear   essential       0.000000   1.000000
linear   non-essential   0.000000   1.000000

0 2
significant   elliptical   288
	  0.318846  0.290495  0.195702  0.142236
	  0.000090  0.000282  0.000033  0.000233
significant   elliptical   348
	  0.345446  0.319894  0.213860  0.149429
	  0.000121  0.000359  0.000076  0.000142

1 2
significant   elliptical   392
	  0.304545  0.207693  0.232139  0.099862
	  0.000324  0.000385  0.000122  0.000262
significant   elliptical   244
	  0.350724  0.169451  0.212060  0.081235
	  0.000171  0.000159  0.000121  0.000260

2 6
significant   elliptical   153
	  0.310424  0.275265  0.215929  0.131091
	  0.000025  0.000883  0.000047  0.000170
significant   elliptical    26
	  0.294140  0.277187  0.210862  0.133591
	  0.000017  0.000334  0.000022  0.000099
significant   elliptical    69
	  0.296168  0.339358  0.194093  0.146740
	  0.000062  0.000246  0.000012  0.000067
significant   elliptical    24
	  0.362177  0.308165  0.243823  0.149779
	  0.000038  0.001627  0.000131  0.000180
significant   elliptical   200
	  0.325442  0.281881  0.226315  0.134555
	  0.000039  0.000978  0.000046  0.000141
significant   elliptical   158
	  0.341765  0.303741  0.233599  0.139534
	  0.000073  0.001316  0.000058  0.000118

3 2
significant   elliptical   283
	  0.311447  0.279358  0.209289  0.130291
	  0.000092  0.001479  0.000105  0.000239
significant   elliptical   352
	  0.340944  0.289556  0.227974  0.133208
	  0.000139  0.001152  0.000056  0.000141

4 1
significant   elliptical   636
	  0.306944  0.247093  0.190616  0.136465
	  0.000554  0.001132  0.000190  0.000184

5 2
significant   elliptical   329
	  0.321523  0.301852  0.208950  0.133222
	  0.000123  0.001405  0.000063  0.000163
significant   elliptical   307
	  0.350979  0.307068  0.231493  0.141976
	  0.000149  0.000906  0.000102  0.000148

6 3
significant   elliptical    91
	  0.281702  0.258208  0.189777  0.127966
	  0.000057  0.000399  0.000021  0.000053
significant   elliptical   313
	  0.314844  0.295526  0.202147  0.136239
	  0.000109  0.000660  0.000066  0.000132
significant   elliptical   229
	  0.345528  0.326737  0.217373  0.144567
	  0.000149  0.000685  0.000066  0.000102

7 4
significant   elliptical   149
	  0.431994  0.244414  0.224243  0.129643
	  0.000084  0.000096  0.000064  0.000108
significant   elliptical   224
	  0.402071  0.229203  0.218777  0.130081
	  0.000089  0.000179  0.000061  0.000178
significant   elliptical   183
	  0.371363  0.201152  0.208206  0.113405
	  0.000109  0.000205  0.000032  0.000191
significant   elliptical    71
	  0.376610  0.240061  0.187744  0.130601
	  0.000102  0.000133  0.000025  0.000068

8 2
significant   elliptical   235
	  0.310908  0.304590  0.200339  0.133824
	  0.000079  0.000666  0.000030  0.000121
significant   elliptical   391
	  0.338318  0.334376  0.216574  0.142083
	  0.000128  0.000873  0.000119  0.000141

9 1
significant   elliptical   640
	  0.346514  0.300717  0.206569  0.138103
	  0.000485  0.001384  0.000125  0.000141

A 4
significant   elliptical    60
	  0.295317  0.291135  0.197958  0.173142
	  0.000084  0.001030  0.000062  0.000247
significant   elliptical   309
	  0.269117  0.289609  0.210508  0.172803
	  0.000108  0.002740  0.000081  0.000471
significant   elliptical    96
	  0.223682  0.303950  0.194928  0.167332
	  0.000147  0.000433  0.000070  0.000068
significant   elliptical   171
	  0.262423  0.265798  0.186835  0.160956
	  0.000150  0.000873  0.000062  0.000300

B 3
significant   elliptical   237
	  0.331420  0.345272  0.216151  0.156055
	  0.000074  0.002468  0.000084  0.000321
significant   elliptical   272
	  0.306253  0.329640  0.202478  0.147694
	  0.000075  0.001864  0.000036  0.000370
significant   elliptical   130
	  0.356162  0.407484  0.235516  0.176441
	  0.000109  0.001776  0.000108  0.000296

C 3
significant   elliptical   273
	  0.362437  0.319370  0.242108  0.185750
	  0.000204  0.000858  0.000152  0.000267
significant   elliptical    47
	  0.399123  0.362039  0.256187  0.206893
	  0.000121  0.000761  0.000050  0.000112
significant   elliptical   313
	  0.320724  0.288399  0.210263  0.165915
	  0.000130  0.001137  0.000093  0.000600

D 5
significant   elliptical    99
	  0.351165  0.410284  0.244188  0.209579
	  0.000054  0.000118  0.000019  0.000091
significant   elliptical    20
	  0.357471  0.375001  0.228367  0.200333
	  0.000026  0.000074  0.000012  0.000024
significant   elliptical    34
	  0.374195  0.424893  0.256904  0.216720
	  0.000064  0.000540  0.000107  0.000090
significant   elliptical   270
	  0.331887  0.351728  0.217483  0.183960
	  0.000095  0.001013  0.000089  0.000501
significant   elliptical   216
	  0.307222  0.329480  0.204058  0.169656
	  0.000049  0.000669  0.000050  0.000392

E 6
significant   elliptical   263
	  0.336000  0.322877  0.229263  0.148080
	  0.000079  0.004662  0.000052  0.000481
significant   elliptical    58
	  0.356175  0.398808  0.240245  0.170828
	  0.000010  0.006082  0.000019  0.000435
significant   elliptical    25
	  0.368631  0.388224  0.245500  0.168056
	  0.000022  0.007474  0.000023  0.000446
significant   elliptical    16
	  0.359910  0.432941  0.256521  0.179215
	  0.000013  0.001808  0.000007  0.000101
significant   elliptical   196
	  0.314755  0.319304  0.211461  0.141241
	  0.000050  0.005128  0.000056  0.000635
significant   elliptical    48
	  0.300947  0.397229  0.197197  0.157860
	  0.000059  0.001248  0.000026  0.000168

F 4
significant   elliptical    35
	  0.389726  0.217505  0.199265  0.122331
	  0.000055  0.000048  0.000034  0.000092
significant   elliptical   280
	  0.372756  0.250254  0.201145  0.136829
	  0.000185  0.002175  0.000081  0.000517
significant   elliptical   104
	  0.334166  0.314517  0.199804  0.152319
	  0.000056  0.000924  0.000054  0.000241
significant   elliptical   193
	  0.409500  0.325012  0.226656  0.166058
	  0.000153  0.002850  0.000152  0.000297

G 4
significant   elliptical   126
	  0.334257  0.354859  0.221870  0.187992
	  0.000119  0.000389  0.000128  0.000519
significant   elliptical   301
	  0.307960  0.345713  0.197583  0.168543
	  0.000086  0.001279  0.000056  0.000561
significant   elliptical    21
	  0.331917  0.400075  0.207798  0.195615
	  0.000054  0.000313  0.000069  0.000043
significant   elliptical   191
	  0.360213  0.411850  0.236862  0.205326
	  0.000213  0.000524  0.000067  0.000097

H 2
significant   elliptical   438
	  0.323232  0.337900  0.207226  0.181311
	  0.000309  0.002471  0.000150  0.000731
significant   elliptical   128
	  0.359868  0.457742  0.250487  0.217008
	  0.000184  0.000990  0.000103  0.000162

I 4
significant   elliptical   446
	  0.322057  0.185283  0.218852  0.088663
	  0.000169  0.001594  0.000193  0.000877
significant   elliptical    53
	  0.356535  0.175547  0.226608  0.085736
	  0.000064  0.000566  0.000062  0.000401
significant   elliptical   116
	  0.356625  0.220825  0.256705  0.107650
	  0.000102  0.000283  0.000047  0.000289
significant   elliptical    22
	  0.384536  0.227324  0.269152  0.121914
	  0.000118  0.000125  0.000083  0.000156

J 7
significant   elliptical    17
	  0.389382  0.214380  0.259519  0.109430
	  0.000542  0.001663  0.000481  0.001308
significant   elliptical    78
	  0.273468  0.210507  0.261378  0.101218
	  0.000275  0.001177  0.000190  0.000648
significant   elliptical    86
	  0.308849  0.262402  0.209846  0.160450
	  0.000116  0.000970  0.000057  0.000642
significant   elliptical    68
	  0.322921  0.262029  0.232657  0.143799
	  0.000128  0.001955  0.000117  0.000887
significant   elliptical    75
	  0.336729  0.273457  0.242610  0.149696
	  0.000230  0.002835  0.000046  0.001711
significant   elliptical   207
	  0.281798  0.228827  0.205787  0.138667
	  0.000083  0.001209  0.000031  0.000527
significant   elliptical    42
	  0.255344  0.205205  0.203199  0.127943
	  0.000043  0.000501  0.000064  0.000679

K 2
significant   elliptical   133
	  0.361854  0.427578  0.256950  0.199465
	  0.000201  0.002140  0.000086  0.000139
significant   elliptical   502
	  0.324520  0.323561  0.220265  0.164182
	  0.000248  0.003542  0.000152  0.000598

L 3
significant   elliptical   155
	  0.292148  0.290278  0.249502  0.166207
	  0.000155  0.001431  0.000094  0.000539
significant   elliptical    22
	  0.233466  0.177916  0.197641  0.099307
	  0.000025  0.000072  0.000041  0.000103
significant   elliptical   461
	  0.264958  0.227055  0.215267  0.126636
	  0.000160  0.002218  0.000086  0.000973

M 1
significant   elliptical   633
	  0.305688  0.439220  0.206972  0.227820
	  0.000380  0.007449  0.000287  0.001094

N 2
significant   elliptical   483
	  0.325608  0.351061  0.200671  0.184343
	  0.000242  0.002271  0.000134  0.000696
significant   elliptical   134
	  0.377818  0.427549  0.230610  0.226265
	  0.000141  0.001021  0.000102  0.000215

O 4
significant   elliptical    66
	  0.331905  0.367717  0.222514  0.206667
	  0.000034  0.000210  0.000014  0.000196
significant   elliptical   153
	  0.324999  0.325504  0.205302  0.176982
	  0.000080  0.000854  0.000030  0.000758
significant   elliptical   174
	  0.306470  0.307732  0.193817  0.168686
	  0.000058  0.000159  0.000024  0.000272
significant   elliptical   247
	  0.356705  0.381356  0.232853  0.209108
	  0.000164  0.000409  0.000073  0.000221

P 6
significant   elliptical   197
	  0.391887  0.273217  0.196445  0.156036
	  0.000151  0.000425  0.000128  0.000229
significant   elliptical   147
	  0.404152  0.336509  0.228668  0.174680
	  0.000215  0.000687  0.000110  0.000220
significant   elliptical   108
	  0.365895  0.236510  0.184232  0.133395
	  0.000049  0.000326  0.000052  0.000205
significant   elliptical   116
	  0.351031  0.311655  0.202745  0.162444
	  0.000093  0.000277  0.000031  0.000119
significant   elliptical    22
	  0.349532  0.242767  0.178135  0.132613
	  0.000058  0.000424  0.000030  0.000228
significant   elliptical    36
	  0.323145  0.294749  0.199192  0.154595
	  0.000039  0.000117  0.000025  0.000051

Q 6
significant   elliptical   145
	  0.247434  0.376216  0.231609  0.174751
	  0.000216  0.000397  0.000069  0.000192
significant   elliptical   213
	  0.293870  0.442806  0.262442  0.209334
	  0.000227  0.002002  0.000119  0.000208
significant   elliptical    58
	  0.295001  0.375931  0.202084  0.183128
	  0.000126  0.003478  0.000023  0.000870
significant   elliptical   103
	  0.319993  0.349013  0.208729  0.168949
	  0.000087  0.004217  0.000029  0.001194
significant   elliptical    67
	  0.334749  0.356339  0.226434  0.188035
	  0.000094  0.000879  0.000056  0.000605
significant   elliptical    39
	  0.243414  0.507446  0.292352  0.203621
	  0.000073  0.000939  0.000272  0.000084

R 2
significant   elliptical   303
	  0.344237  0.370775  0.227930  0.174130
	  0.000192  0.002895  0.000191  0.000347
significant   elliptical   322
	  0.309842  0.323667  0.204315  0.152571
	  0.000165  0.001731  0.000072  0.000426

S 3
significant   elliptical    29
	  0.386699  0.367816  0.249920  0.164740
	  0.000063  0.004082  0.000177  0.000462
significant   elliptical   200
	  0.353651  0.340052  0.238898  0.153711
	  0.000095  0.003130  0.000071  0.000414
significant   elliptical   391
	  0.321460  0.306240  0.211646  0.138986
	  0.000204  0.001845  0.000169  0.000394

T 2
significant   elliptical   340
	  0.373288  0.252468  0.207323  0.134260
	  0.000417  0.003913  0.000044  0.000906
significant   elliptical   299
	  0.428225  0.283477  0.234075  0.159355
	  0.000242  0.003124  0.000177  0.000464

U 5
significant   elliptical   141
	  0.384893  0.393738  0.243227  0.209320
	  0.000157  0.000420  0.000079  0.000157
significant   elliptical    70
	  0.305733  0.286175  0.196826  0.150917
	  0.000043  0.000116  0.000022  0.000388
significant   elliptical    37
	  0.336843  0.308984  0.199727  0.162204
	  0.000015  0.000583  0.000010  0.000310
significant   elliptical   160
	  0.322979  0.313158  0.209934  0.181585
	  0.000053  0.000406  0.000076  0.000700
significant   elliptical   216
	  0.353749  0.344881  0.215413  0.187599
	  0.000103  0.000435  0.000072  0.000270

V 8
significant   elliptical    79
	  0.377781  0.266237  0.189623  0.159885
	  0.000013  0.000639  0.000035  0.000476
significant   elliptical   122
	  0.362693  0.245200  0.188026  0.146523
	  0.000034  0.000652  0.000037  0.000655
significant   elliptical    28
	  0.386884  0.249268  0.194369  0.165236
	  0.000031  0.000158  0.000025  0.000401
significant   elliptical    57
	  0.345545  0.241030  0.180924  0.140658
	  0.000027  0.000392  0.000035  0.000626
significant   elliptical   174
	  0.398155  0.286342  0.192975  0.168610
	  0.000071  0.000250  0.000059  0.000128
significant   elliptical    58
	  0.423963  0.289968  0.202626  0.173805
	  0.000077  0.000263  0.000036  0.000093
significant   elliptical    22
	  0.481122  0.330803  0.224107  0.189034
	  0.000090  0.000232  0.000037  0.000083
significant   elliptical    97
	  0.452654  0.317746  0.214176  0.178190
	  0.000079  0.000263  0.000020  0.000087

W 4
significant   elliptical   155
	  0.430206  0.491588  0.220413  0.238618
	  0.000399  0.001052  0.000081  0.000289
significant   elliptical   234
	  0.340371  0.371117  0.192385  0.199310
	  0.000130  0.004933  0.000104  0.001401
significant   elliptical    59
	  0.390083  0.452136  0.199475  0.237455
	  0.000039  0.000414  0.000070  0.000759
significant   elliptical   169
	  0.368663  0.429648  0.194138  0.228796
	  0.000040  0.001544  0.000114  0.000934

X 4
significant   elliptical   405
	  0.314408  0.309117  0.223767  0.162894
	  0.000126  0.003023  0.000068  0.000620
significant   elliptical    28
	  0.384005  0.399214  0.275533  0.190603
	  0.000055  0.000896  0.000055  0.000214
significant   elliptical   108
	  0.354567  0.402094  0.261455  0.193293
	  0.000099  0.001357  0.000056  0.000130
significant   elliptical    96
	  0.341968  0.319510  0.238352  0.177133
	  0.000064  0.001362  0.000045  0.000257

Y 2
significant   elliptical   246
	  0.418942  0.295175  0.236138  0.163411
	  0.000223  0.001797  0.000276  0.000143
significant   elliptical   386
	  0.379923  0.246897  0.205108  0.141586
	  0.000295  0.001904  0.000170  0.000490

Z 4
significant   elliptical   272
	  0.334833  0.318358  0.242311  0.158239
	  0.000095  0.002135  0.000069  0.000397
significant   elliptical    73
	  0.360911  0.374730  0.260379  0.178154
	  0.000064  0.001297  0.000090  0.000180
significant   elliptical   199
	  0.312178  0.279416  0.220893  0.134996
	  0.000074  0.002950  0.000055  0.000443
significant   elliptical    86
	  0.303930  0.334053  0.204256  0.151017
	  0.000051  0.000500  0.000012  0.000101

a 1
significant   elliptical   637
	  0.233354  0.251547  0.161230  0.142984
	  0.000199  0.001258  0.000069  0.000415

& 3
significant   elliptical   262
	  0.315604  0.398104  0.218209  0.179905
	  0.000128  0.006317  0.000091  0.000399
significant   elliptical   226
	  0.284468  0.314591  0.205687  0.153445
	  0.000141  0.003791  0.000067  0.000566
significant   elliptical   137
	  0.273864  0.340313  0.181402  0.174428
	  0.000088  0.002015  0.000030  0.000588

* 5
significant   elliptical   103
	  0.450644  0.132755  0.114076  0.116726
	  0.000056  0.000208  0.000148  0.000179
significant   elliptical    71
	  0.419567  0.137041  0.115418  0.116413
	  0.000135  0.000063  0.000045  0.000048
significant   elliptical   100
	  0.518593  0.108533  0.091930  0.087753
	  0.000208  0.000549  0.000054  0.000126
significant   elliptical   225
	  0.481850  0.157880  0.122050  0.123796
	  0.000100  0.000796  0.000122  0.000161
significant   elliptical   127
	  0.511726  0.164415  0.122738  0.124260
	  0.000083  0.001016  0.000118  0.000173

@ 7
significant   elliptical    30
	  0.317959  0.429413  0.228978  0.221312
	  0.000042  0.040083  0.000111  0.000471
significant   elliptical   270
	  0.322822  0.458187  0.189195  0.169200
	  0.000074  0.006241  0.000061  0.000130
significant   elliptical   197
	  0.350188  0.501287  0.204643  0.186594
	  0.000103  0.010684  0.000043  0.000177
significant   elliptical    45
	  0.358445  0.322309  0.251813  0.235711
	  0.000426  0.010659  0.000245  0.000482
significant   elliptical    16
	  0.386341  0.633730  0.228163  0.214108
	  0.000060  0.000866  0.000060  0.000148
significant   elliptical    44
	  0.366754  0.585792  0.212737  0.196277
	  0.000048  0.008805  0.000023  0.000047
significant   elliptical    31
	  0.342910  0.662457  0.239315  0.229741
	  0.000088  0.001355  0.000082  0.000204

b 2
significant   elliptical   384
	  0.283991  0.288488  0.193843  0.147596
	  0.000125  0.000583  0.000072  0.000294
significant   elliptical   250
	  0.312248  0.309609  0.218169  0.150781
	  0.000157  0.000558  0.000112  0.000353

\ 3
significant   elliptical   272
	  0.363305  0.172220  0.226357  0.102810
	  0.000179  0.000063  0.000064  0.000462
significant   elliptical   131
	  0.310157  0.144095  0.193624  0.075187
	  0.000038  0.000016  0.000027  0.000270
significant   elliptical   227
	  0.326673  0.155965  0.211055  0.078384
	  0.000094  0.000082  0.000101  0.000393

! 4
significant   elliptical   160
	  0.346216  0.165118  0.225065  0.065635
	  0.000039  0.000066  0.000038  0.000194
significant   elliptical    56
	  0.366786  0.172613  0.235305  0.074989
	  0.000059  0.000106  0.000061  0.000213
significant   elliptical   270
	  0.303881  0.152900  0.199710  0.058633
	  0.000118  0.000101  0.000046  0.000108
significant   elliptical   143
	  0.327683  0.158261  0.210570  0.064868
	  0.000032  0.000087  0.000063  0.000179

c 1
significant   elliptical   639
	  0.248247  0.222283  0.160367  0.134508
	  0.000156  0.000444  0.000037  0.000268

: 2
significant   elliptical   291
	  0.216809  0.103314  0.152953  0.057817
	  0.000069  0.000357  0.000065  0.000163
significant   elliptical   342
	  0.242681  0.110191  0.173392  0.064314
	  0.000101  0.000263  0.000115  0.000130

, 5
significant   elliptical   294
	  0.021151  0.080123  0.095117  0.062497
	  0.000098  0.000099  0.000125  0.000127
significant   elliptical    85
	  0.049466  0.081748  0.095288  0.069758
	  0.000098  0.000072  0.000084  0.000156
significant   elliptical    50
	  0.039684  0.057450  0.066739  0.049777
	  0.000092  0.000030  0.000046  0.000038
significant   elliptical    30
	 -0.022895  0.090486  0.103946  0.065098
	  0.000044  0.000134  0.000096  0.000148
significant   elliptical    84
	 -0.003030  0.080111  0.094504  0.058128
	  0.000034  0.000113  0.000097  0.000099

d 3
significant   elliptical    20
	  0.340370  0.340991  0.236804  0.174992
	  0.000054  0.000985  0.000050  0.000194
significant   elliptical   388
	  0.309519  0.313876  0.211977  0.160371
	  0.000137  0.000976  0.000134  0.000214
significant   elliptical   226
	  0.276437  0.281996  0.188853  0.146486
	  0.000139  0.000463  0.000026  0.000242

$ 6
significant   elliptical    43
	  0.399100  0.329827  0.246828  0.136272
	  0.000358  0.004925  0.000106  0.000071
significant   elliptical   193
	  0.342356  0.330095  0.246215  0.134128
	  0.000394  0.005918  0.000258  0.000216
significant   elliptical   203
	  0.329310  0.230339  0.199154  0.113864
	  0.000250  0.001755  0.000096  0.000150
significant   elliptical    40
	  0.321435  0.381088  0.241895  0.138996
	  0.000020  0.001780  0.000009  0.000102
significant   elliptical   113
	  0.310198  0.340346  0.228925  0.136503
	  0.000095  0.003308  0.000039  0.000205
significant   elliptical    48
	  0.296014  0.373516  0.217431  0.137046
	  0.000067  0.003154  0.000055  0.000082

. 2
significant   elliptical    21
	  0.124395  0.058629  0.062725  0.061468
	  0.000281  0.000070  0.000078  0.000099
significant   elliptical   618
	  0.078244  0.051716  0.054854  0.054216
	  0.000200  0.000082  0.000086  0.000144

e 1
significant   elliptical   625
	  0.244195  0.244558  0.154216  0.132900
	  0.000174  0.000806  0.000051  0.000211

= 3
significant   elliptical    42
	  0.201548  0.225105  0.114890  0.166300
	  0.000348  0.000820  0.000115  0.000163
significant   elliptical    38
	  0.267091  0.223469  0.126144  0.180550
	  0.000046  0.001845  0.000022  0.000105
significant   elliptical   475
	  0.261742  0.219701  0.100742  0.157173
	  0.000221  0.000493  0.000087  0.000160

f 11
significant   elliptical    39
	  0.271675  0.280558  0.303388  0.163255
	  0.000087  0.000163  0.000197  0.000112
significant   elliptical    70
	  0.317847  0.228550  0.213079  0.122138
	  0.000037  0.001338  0.000067  0.000504
significant   elliptical    23
	  0.359566  0.260323  0.239966  0.131342
	  0.000019  0.001076  0.000048  0.000434
significant   elliptical    21
	  0.345946  0.275043  0.236450  0.139564
	  0.000013  0.000988  0.000011  0.000341
significant   elliptical    28
	  0.336082  0.280577  0.227341  0.143115
	  0.000009  0.000355  0.000015  0.000294
significant   elliptical    67
	  0.333286  0.184281  0.204272  0.097052
	  0.000035  0.000661  0.000027  0.000309
significant   elliptical    19
	  0.372940  0.238719  0.235006  0.106585
	  0.000014  0.000192  0.000013  0.000056
significant   elliptical    86
	  0.364220  0.191834  0.215868  0.102239
	  0.000084  0.000308  0.000053  0.000266
significant   elliptical   133
	  0.364672  0.186794  0.194268  0.101954
	  0.000197  0.000203  0.000042  0.000342
significant   elliptical   107
	  0.401069  0.212153  0.234294  0.108049
	  0.000226  0.000617  0.000152  0.000248
significant   elliptical    41
	  0.341583  0.271438  0.283773  0.144464
	  0.000228  0.000219  0.000099  0.000281

g 1
significant   elliptical   604
	  0.168422  0.329618  0.210773  0.146473
	  0.000703  0.002074  0.000156  0.000325

` 8
significant   elliptical    48
	  0.580671  0.056521  0.059270  0.057491
	  0.000133  0.000072  0.000105  0.000140
significant   elliptical    74
	  0.584962  0.081105  0.093365  0.060219
	  0.000132  0.000051  0.000074  0.000060
significant   elliptical    40
	  0.559296  0.101706  0.116034  0.073287
	  0.000089  0.000026  0.000035  0.000036
significant   elliptical   100
	  0.480698  0.072876  0.090075  0.050723
	  0.000232  0.000047  0.000076  0.000069
significant   elliptical    86
	  0.543431  0.054620  0.061542  0.049971
	  0.000134  0.000064  0.000115  0.000098
significant   elliptical    21
	  0.554305  0.072779  0.084105  0.057668
	  0.000042  0.000008  0.000018  0.000060
significant   elliptical    65
	  0.523189  0.069279  0.082231  0.057370
	  0.000084  0.000019  0.000030  0.000090
significant   elliptical    40
	  0.526960  0.093796  0.108069  0.066044
	  0.000083  0.000069  0.000058  0.000038

> 4
significant   elliptical    98
	  0.281632  0.222804  0.157402  0.164141
	  0.000062  0.000102  0.000039  0.000068
significant   elliptical   174
	  0.235604  0.181000  0.131518  0.134828
	  0.000075  0.000162  0.000043  0.000117
significant   elliptical   287
	  0.256385  0.202272  0.143844  0.148978
	  0.000080  0.000140  0.000042  0.000098
significant   elliptical    80
	  0.315982  0.177652  0.193077  0.105489
	  0.000132  0.000029  0.000047  0.000034

h 5
significant   elliptical    91
	  0.333944  0.305505  0.231239  0.152469
	  0.000130  0.000664  0.000120  0.000088
significant   elliptical   193
	  0.287168  0.259506  0.188408  0.141111
	  0.000129  0.000192  0.000042  0.000166
significant   elliptical    88
	  0.250656  0.289334  0.190826  0.148177
	  0.000063  0.000507  0.000020  0.000088
significant   elliptical    55
	  0.267381  0.314258  0.204407  0.160264
	  0.000021  0.000419  0.000029  0.000163
significant   elliptical   208
	  0.298389  0.313250  0.218687  0.155580
	  0.000154  0.000721  0.000095  0.000281

# 1
significant   elliptical   633
	  0.333119  0.306886  0.205136  0.144635
	  0.000439  0.001878  0.000371  0.000298

i 3
significant   elliptical    59
	  0.290579  0.241577  0.228792  0.119944
	  0.000069  0.000074  0.000039  0.000117
significant   elliptical   127
	  0.294744  0.166868  0.199790  0.064340
	  0.000223  0.000268  0.000067  0.000144
significant   elliptical   445
	  0.340434  0.177919  0.213800  0.072450
	  0.000267  0.000610  0.000242  0.000264

j 6
significant   elliptical    76
	  0.193618  0.219655  0.249009  0.102132
	  0.000128  0.000096  0.000028  0.000224
significant   elliptical   154
	  0.246919  0.247668  0.283461  0.108393
	  0.000120  0.000708  0.000069  0.000663
significant   elliptical   254
	  0.248374  0.214245  0.253480  0.091694
	  0.000301  0.000779  0.000099  0.000639
significant   elliptical    67
	  0.212235  0.228824  0.276882  0.090111
	  0.000152  0.000165  0.000051  0.000332
significant   elliptical    22
	  0.224574  0.257417  0.305783  0.128845
	  0.000120  0.000105  0.000064  0.000212
significant   elliptical    47
	  0.288986  0.238297  0.286240  0.102478
	  0.000355  0.000745  0.000381  0.000716

k 2
significant   elliptical   499
	  0.291232  0.279034  0.205081  0.138877
	  0.000312  0.001797  0.000153  0.000365
significant   elliptical   138
	  0.340772  0.292329  0.235794  0.145799
	  0.000310  0.001498  0.000117  0.000201

l 9
significant   elliptical    26
	  0.410063  0.185063  0.254191  0.079622
	  0.000088  0.000083  0.000117  0.000083
significant   elliptical   126
	  0.372518  0.187673  0.243312  0.076234
	  0.000145  0.000315  0.000098  0.000144
significant   elliptical    84
	  0.336687  0.198974  0.241152  0.081915
	  0.000125  0.000511  0.000076  0.000386
significant   elliptical   112
	  0.350419  0.160249  0.212562  0.070170
	  0.000142  0.000056  0.000046  0.000143
significant   elliptical    27
	  0.317483  0.172352  0.221586  0.071099
	  0.000031  0.000084  0.000019  0.000120
significant   elliptical    76
	  0.322225  0.147454  0.203912  0.061106
	  0.000033  0.000028  0.000028  0.000127
significant   elliptical   121
	  0.296051  0.158236  0.205481  0.064890
	  0.000082  0.000177  0.000071  0.000160
significant   elliptical    31
	  0.303626  0.238079  0.244653  0.120279
	  0.000029  0.000169  0.000024  0.000159
significant   elliptical    34
	  0.287216  0.235816  0.235344  0.122200
	  0.000035  0.000038  0.000011  0.000078

{ 7
significant   elliptical    29
	  0.398345  0.203188  0.267112  0.090245
	  0.000260  0.000086  0.000102  0.000121
significant   elliptical   173
	  0.291204  0.184886  0.240086  0.073775
	  0.000117  0.000167  0.000142  0.000245
significant   elliptical    81
	  0.264736  0.172055  0.227416  0.063600
	  0.000049  0.000095  0.000057  0.000217
significant   elliptical    62
	  0.302109  0.210209  0.269688  0.093870
	  0.000160  0.000111  0.000139  0.000166
significant   elliptical    86
	  0.342628  0.204155  0.267689  0.088644
	  0.000245  0.000116  0.000143  0.000161
significant   elliptical    71
	  0.334882  0.170782  0.227213  0.066081
	  0.000304  0.000042  0.000043  0.000143
significant   elliptical   137
	  0.263040  0.227921  0.290832  0.095109
	  0.000292  0.000212  0.000184  0.000418

< 3
significant   elliptical   335
	  0.250990  0.189502  0.138358  0.140789
	  0.000106  0.000193  0.000067  0.000115
significant   elliptical   227
	  0.279632  0.216093  0.154837  0.159516
	  0.000130  0.000210  0.000067  0.000175
significant   elliptical    77
	  0.333171  0.185913  0.192668  0.114284
	  0.000203  0.000126  0.000065  0.000129

( 6
significant   elliptical   165
	  0.290294  0.188119  0.247744  0.082120
	  0.000161  0.000107  0.000184  0.000108
significant   elliptical   108
	  0.260563  0.187189  0.227544  0.094273
	  0.000104  0.000187  0.000065  0.000227
significant   elliptical   149
	  0.332481  0.165451  0.218673  0.076262
	  0.000269  0.000073  0.000102  0.000119
significant   elliptical    90
	  0.336951  0.195401  0.258480  0.086412
	  0.000197  0.000064  0.000058  0.000154
significant   elliptical    97
	  0.389052  0.188168  0.245315  0.088715
	  0.000408  0.000156  0.000272  0.000184
significant   elliptical    22
	  0.461612  0.197903  0.261322  0.089354
	  0.000293  0.000121  0.000166  0.000140

[ 2
significant   elliptical    99
	  0.357152  0.203227  0.254760  0.091556
	  0.000384  0.000227  0.000134  0.000335
significant   elliptical   452
	  0.297166  0.210485  0.268712  0.084354
	  0.000607  0.000342  0.000408  0.000318

m 5
significant   elliptical    29
	  0.233528  0.296680  0.184001  0.211086
	  0.000130  0.010952  0.000046  0.000869
significant   elliptical   128
	  0.259874  0.373509  0.159451  0.231394
	  0.000025  0.000638  0.000020  0.000287
significant   elliptical   240
	  0.241860  0.359991  0.160016  0.215954
	  0.000044  0.001232  0.000051  0.000746
significant   elliptical    66
	  0.211034  0.409874  0.158716  0.222350
	  0.000031  0.000431  0.000015  0.000190
significant   elliptical   153
	  0.225164  0.372966  0.160210  0.204914
	  0.000015  0.002240  0.000052  0.001039

- 5
significant   elliptical    51
	  0.227232  0.062052  0.045462  0.078213
	  0.000038  0.000032  0.000056  0.000048
significant   elliptical   173
	  0.248704  0.061441  0.043531  0.078484
	  0.000052  0.000020  0.000026  0.000037
significant   elliptical   109
	  0.240713  0.076562  0.062603  0.093625
	  0.000063  0.000025  0.000031  0.000052
significant   elliptical   193
	  0.273098  0.076724  0.050509  0.099693
	  0.000092  0.000272  0.000080  0.000589
significant   elliptical   111
	  0.314401  0.068818  0.045223  0.089966
	  0.000256  0.000442  0.000123  0.000891

n 1
significant   elliptical   636
	  0.239332  0.257083  0.162513  0.154298
	  0.000227  0.000781  0.000070  0.000200

o 2
significant   elliptical    70
	  0.270632  0.254284  0.164075  0.155057
	  0.000034  0.000348  0.000029  0.000202
significant   elliptical   566
	  0.244845  0.245970  0.156272  0.144596
	  0.000082  0.000305  0.000037  0.000233

p 3
significant   elliptical   267
	  0.183653  0.316133  0.209733  0.162461
	  0.000151  0.000617  0.000058  0.000225
significant   elliptical   231
	  0.198747  0.277798  0.186358  0.147656
	  0.000119  0.000735  0.000050  0.000306
significant   elliptical   100
	  0.229948  0.292703  0.199403  0.158464
	  0.000177  0.000821  0.000154  0.000273

% 5
significant   elliptical    21
	  0.358987  0.307843  0.237889  0.195256
	  0.000074  0.008177  0.000077  0.001547
significant   elliptical    97
	  0.327262  0.261495  0.224972  0.159225
	  0.000164  0.004804  0.000046  0.001582
significant   elliptical   109
	  0.361352  0.545608  0.208876  0.205846
	  0.000118  0.002669  0.000051  0.000185
significant   elliptical   235
	  0.338706  0.467290  0.198261  0.185091
	  0.000067  0.006953  0.000047  0.000602
significant   elliptical   178
	  0.314620  0.434499  0.189620  0.178236
	  0.000085  0.002948  0.000062  0.000493

+ 1
significant   elliptical   625
	  0.262680  0.173990  0.135041  0.130994
	  0.000395  0.000232  0.000152  0.000139

q 3
significant   elliptical    35
	  0.246861  0.277601  0.193582  0.149681
	  0.000184  0.000990  0.000141  0.000285
significant   elliptical   161
	  0.209216  0.268783  0.186384  0.139683
	  0.000089  0.000608  0.000038  0.000280
significant   elliptical   330
	  0.181605  0.308012  0.205872  0.151479
	  0.000177  0.000623  0.000115  0.000240

? 3
significant   elliptical   377
	  0.360372  0.208830  0.205193  0.103750
	  0.000202  0.000373  0.000110  0.000223
significant   elliptical    78
	  0.367927  0.241648  0.174797  0.117292
	  0.000092  0.000058  0.000017  0.000030
significant   elliptical   169
	  0.410893  0.243463  0.224818  0.102440
	  0.000238  0.000520  0.000053  0.000091

' 4
significant   elliptical   169
	  0.570494  0.071590  0.090491  0.051550
	  0.000181  0.000125  0.000195  0.000171
significant   elliptical    60
	  0.608460  0.063110  0.079688  0.045543
	  0.000174  0.000056  0.000077  0.000095
significant   elliptical   202
	  0.530821  0.063473  0.077768  0.049788
	  0.000150  0.000166  0.000174  0.000301
significant   elliptical   204
	  0.487237  0.077494  0.094782  0.058817
	  0.000227  0.000037  0.000068  0.000079

r 4
significant   elliptical    53
	  0.273045  0.227264  0.185012  0.153642
	  0.000033  0.001142  0.000019  0.000615
significant   elliptical   352
	  0.265015  0.173308  0.164367  0.115196
	  0.000085  0.001569  0.000075  0.000715
significant   elliptical   193
	  0.289524  0.156183  0.162701  0.113876
	  0.000043  0.000392  0.000065  0.000403
significant   elliptical    34
	  0.306912  0.163010  0.169389  0.125540
	  0.000045  0.000221  0.000047  0.000297

} 5
significant   elliptical   172
	  0.250847  0.222965  0.283932  0.092085
	  0.000282  0.000237  0.000245  0.000385
significant   elliptical   201
	  0.270419  0.177619  0.232381  0.068713
	  0.000186  0.000158  0.000061  0.000273
significant   elliptical   118
	  0.302050  0.198324  0.259131  0.080625
	  0.000146  0.000076  0.000056  0.000213
significant   elliptical    71
	  0.329161  0.174648  0.228855  0.070712
	  0.000141  0.000035  0.000034  0.000115
significant   elliptical    62
	  0.353735  0.202930  0.263197  0.084049
	  0.000481  0.000958  0.000112  0.000415

) 7
significant   elliptical    52
	  0.341344  0.194430  0.259021  0.086611
	  0.000144  0.000060  0.000084  0.000152
significant   elliptical   144
	  0.331478  0.169722  0.225193  0.076676
	  0.000185  0.000054  0.000060  0.000142
significant   elliptical   115
	  0.289713  0.174047  0.230087  0.075603
	  0.000189  0.000083  0.000132  0.000099
significant   elliptical    92
	  0.275550  0.197463  0.260401  0.086004
	  0.000096  0.000090  0.000153  0.000074
significant   elliptical    83
	  0.305625  0.195463  0.257930  0.085290
	  0.000078  0.000051  0.000052  0.000140
significant   elliptical   124
	  0.250793  0.187394  0.227722  0.095209
	  0.000104  0.000124  0.000042  0.000136
significant   elliptical    29
	  0.387880  0.192209  0.256911  0.082400
	  0.000130  0.000063  0.000096  0.000110

] 5
significant   elliptical    41
	  0.427015  0.219709  0.280652  0.087408
	  0.000386  0.000148  0.000126  0.000241
significant   elliptical    86
	  0.365446  0.204988  0.260486  0.086787
	  0.000191  0.000184  0.000152  0.000286
significant   elliptical    16
	  0.396721  0.182680  0.237607  0.068525
	  0.000204  0.000279  0.000197  0.000211
significant   elliptical   297
	  0.306760  0.213303  0.270200  0.087420
	  0.000444  0.000221  0.000363  0.000283
significant   elliptical   112
	  0.270863  0.190238  0.244829  0.074670
	  0.000216  0.000159  0.000079  0.000256

s 1
significant   elliptical   637
	  0.244088  0.228902  0.161654  0.120423
	  0.000133  0.001159  0.000058  0.000308

; 2
significant   elliptical    21
	  0.260456  0.131133  0.194874  0.075360
	  0.000182  0.000390  0.000176  0.000430
significant   elliptical   539
	  0.165605  0.131213  0.197472  0.068188
	  0.000641  0.000441  0.000240  0.000256

/ 6
significant   elliptical    85
	  0.267252  0.177119  0.230006  0.110530
	  0.000185  0.000079  0.000077  0.000494
significant   elliptical   220
	  0.342780  0.171268  0.222184  0.107073
	  0.000089  0.000096  0.000056  0.000713
significant   elliptical    28
	  0.314043  0.174559  0.230352  0.102568
	  0.000091  0.000028  0.000076  0.000233
significant   elliptical    73
	  0.316247  0.156535  0.201314  0.103781
	  0.000082  0.000059  0.000034  0.000349
significant   elliptical    82
	  0.322551  0.194536  0.248478  0.129960
	  0.000183  0.000117  0.000298  0.000531
significant   elliptical   128
	  0.378140  0.180570  0.238258  0.105054
	  0.000181  0.000116  0.000138  0.000446

t 2
significant   elliptical   583
	  0.291134  0.190937  0.193078  0.100389
	  0.000255  0.000828  0.000088  0.000366
significant   elliptical    57
	  0.339090  0.174326  0.194378  0.084102
	  0.000116  0.000414  0.000141  0.000429

~ 2
significant   elliptical   320
	  0.261140  0.116162  0.058461  0.148148
	  0.000519  0.000070  0.000080  0.000103
significant   elliptical    80
	  0.581353  0.086597  0.053718  0.109318
	  0.000745  0.000033  0.000079  0.000052

u 3
significant   elliptical   405
	  0.234926  0.241295  0.156408  0.146973
	  0.000069  0.000508  0.000036  0.000156
significant   elliptical   201
	  0.255415  0.263480  0.167510  0.161020
	  0.000073  0.000390  0.000027  0.000149
significant   elliptical    24
	  0.210606  0.219534  0.146129  0.137077
	  0.000018  0.000192  0.000048  0.000186

_ 9
significant   elliptical    83
	 -0.176219  0.107712  0.037824  0.150783
	  0.000758  0.000075  0.000143  0.000129
significant   elliptical   124
	 -0.089273  0.120124  0.050328  0.166633
	  0.000095  0.000170  0.000033  0.000369
significant   elliptical    55
	 -0.095009  0.126274  0.033823  0.178707
	  0.000038  0.000188  0.000021  0.000395
significant   elliptical    60
	 -0.074176  0.104458  0.033514  0.146840
	  0.000036  0.000068  0.000023  0.000147
significant   elliptical    70
	 -0.056322  0.109460  0.037122  0.153553
	  0.000015  0.000079  0.000022  0.000160
significant   elliptical    74
	 -0.049055  0.109308  0.045872  0.151519
	  0.000022  0.000102  0.000021  0.000219
significant   elliptical    97
	 -0.065350  0.112271  0.044407  0.156304
	  0.000026  0.000295  0.000028  0.000619
significant   elliptical    23
	 -0.067418  0.125733  0.064109  0.172536
	  0.000035  0.000325  0.000013  0.000714
significant   elliptical    50
	 -0.030036  0.114855  0.047891  0.159488
	  0.000113  0.000180  0.000127  0.000301

^ 6
significant   elliptical    79
	  0.558222  0.076427  0.054828  0.090347
	  0.000597  0.000045  0.000079  0.000087
significant   elliptical    34
	  0.501872  0.133686  0.091306  0.135354
	  0.000193  0.000020  0.000050  0.000041
significant   elliptical    39
	  0.506849  0.164867  0.121266  0.132542
	  0.000188  0.000116  0.000086  0.000071
significant   elliptical   108
	  0.472142  0.163577  0.119919  0.129286
	  0.000077  0.000097  0.000045  0.000079
significant   elliptical    94
	  0.430134  0.142877  0.114053  0.115289
	  0.000174  0.000085  0.000047  0.000079
significant   elliptical    40
	  0.367571  0.198585  0.139560  0.135962
	  0.000096  0.000018  0.000020  0.000018

v 1
significant   elliptical   630
	  0.292634  0.203086  0.148552  0.134961
	  0.000463  0.000705  0.000077  0.000328

w 1
significant   elliptical   634
	  0.272351  0.300050  0.154160  0.193189
	  0.000368  0.002315  0.000122  0.000537

x 1
significant   elliptical   634
	  0.241075  0.236781  0.172612  0.148433
	  0.000178  0.001371  0.000093  0.000463

y 1
significant   elliptical   525
	  0.209765  0.255096  0.210389  0.144287
	  0.000440  0.001435  0.000201  0.000460

z 1
significant   elliptical   616
	  0.237871  0.226094  0.169354  0.129572
	  0.000197  0.000977  0.000087  0.000235
